x_axis_noise_deg_1_sigma: 0.000278 # 0.000278 deg = 1.0 arcsec
y_axis_noise_deg_1_sigma: 0.000278 # 0.000278 deg = 1.0 arcsec
z_axis_noise_deg_1_sigma: 0.000833 # 0.000833 deg = 1.0 arcsec
max_rate_dps: 100.0
q_body_to_star_tracker: [0.0, 0.0, 0.0, 1.0]
outage_start_sec: 600.0
outage_stop_sec: 660.0